         100   0.0000000000000000     
         101   0.0000000000000000     
         102   0.0000000000000000     
         103   0.0000000000000000     
         104   0.0000000000000000     
         105   0.0000000000000000     
         106   0.0000000000000000     
         107   0.0000000000000000     
         108   0.0000000000000000     
         109   0.0000000000000000     
         110   0.0000000000000000     
         111   0.0000000000000000     
         112   0.0000000000000000     
         113   0.0000000000000000     
         114   0.0000000000000000     
         115   0.0000000000000000     
         116   0.0000000000000000     
         117   0.0000000000000000     
         118   0.0000000000000000     
         119   0.0000000000000000     
         120   0.0000000000000000     
         121   0.0000000000000000     
         122   0.0000000000000000     
         123   0.0000000000000000     
         124   0.0000000000000000     
         125   0.0000000000000000     
         126   0.0000000000000000     
         127   0.0000000000000000     
         128   0.0000000000000000     
         129   0.0000000000000000     
         130   0.0000000000000000     
         131   0.0000000000000000     
         132   0.0000000000000000     
         133   0.0000000000000000     
         134   0.0000000000000000     
         135   8.2817076523119225E-007
         136   1.1149942024940991E-004
         137   2.1839104730223590E-004
         138   3.4120523174003837E-004
         139   5.7059385116009194E-004
         140   7.1401109358939466E-004
         141   9.0897754992010820E-004
         142   1.1371651609757682E-003
         143   1.3303215142134155E-003
         144   1.6140823615975704E-003
         145   1.9248804801096689E-003
         146   2.3592562260781463E-003
         147   2.7281757696792880E-003
         148   2.9818351667507169E-003
         149   3.3643231049491030E-003
         150   3.5970172140989045E-003
         151   3.9269793507848427E-003
         152   4.1699406067763007E-003
         153   4.3806387242836661E-003
         154   4.7853115263019009E-003
         155   4.9157679006964295E-003
         156   5.0572469729556150E-003
         157   5.3770762054995399E-003
         158   5.3121946922114003E-003
         159   5.3386262655705560E-003
         160   5.3669342223402671E-003
         161   5.3482186728993908E-003
         162   5.2982300799808762E-003
         163   5.3341108866237306E-003
         164   5.1906662628641541E-003
         165   5.1690779970383228E-003
         166   4.9697005246363913E-003
         167   4.8790713034417175E-003
         168   4.7143296992241653E-003
         169   4.5127291624975814E-003
         170   4.4613019388410535E-003
         171   4.2264860094519989E-003
         172   4.1096083000929599E-003
         173   3.9120201272296352E-003
         174   3.6978833846545004E-003
         175   3.6152952646463948E-003
         176   3.3255552051403097E-003
         177   3.1631382338521479E-003
         178   3.0483526221171350E-003
         179   2.9457133517260775E-003
         180   2.7558898511605280E-003
         181   2.5301210527994503E-003
         182   2.4695171176727349E-003
         183   2.3514071132846896E-003
         184   2.2194509438100613E-003
         185   2.0833198626849284E-003
         186   1.9525921168719056E-003
         187   1.8456587363068608E-003
         188   1.7744142351535572E-003
         189   1.5893569863379522E-003
         190   1.5183950206107625E-003
         191   1.4918493472986052E-003
         192   1.3809111285834649E-003
         193   1.2885079225060348E-003
         194   1.2079223829664441E-003
         195   1.1677849640199082E-003
         196   1.0775197956436277E-003
         197   1.0182635031462950E-003
         198   1.0046298277062615E-003
         199   9.4784493799717580E-004
         200   8.4029144828045611E-004
         201   7.8508971837046347E-004
         202   7.7643566711106508E-004
         203   7.1022108599149325E-004
         204   6.4388321884871686E-004
         205   6.2681898770951272E-004
         206   6.0221295498730416E-004
         207   5.7840437471384234E-004
         208   5.5286256298947979E-004
         209   5.0497335908016407E-004
         210   4.6186538565147191E-004
         211   4.1878294695247458E-004
         212   4.1027528564696039E-004
         213   4.0779031065097098E-004
         214   4.0567019297509490E-004
         215   3.3183550674408674E-004
         216   3.3834485558673999E-004
         217   3.1853038550789717E-004
         218   2.9667823592845931E-004
         219   2.7165447782201500E-004
         220   2.6929003984028043E-004
         221   2.6019896813593568E-004
         222   2.3674914946379667E-004
         223   2.1026457962663412E-004
         224   2.1290229896022019E-004
         225   2.0862761872343758E-004
         226   1.7894769237628645E-004
         227   1.7205061865578915E-004
         228   1.6316516467424378E-004
         229   1.8288946463609283E-004
         230   1.5910251448699139E-004
         231   1.6444446099564056E-004
         232   1.3784408770853372E-004
         233   1.1967824751150577E-004
         234   1.1763673601174822E-004
         235   1.1632799572965747E-004
         236   1.0776531499818670E-004
         237   9.6849911078791844E-005
         238   9.2454741840016397E-005
         239   8.6793067342839659E-005
         240   8.4740641080800294E-005
         241   8.4703281218262427E-005
         242   7.8882146193932402E-005
         243   6.8194574807858935E-005
         244   6.2273011479603433E-005
         245   7.6985615350452785E-005
         246   5.9339708545330693E-005
         247   5.4825361095926588E-005
         248   6.2441212759956728E-005
         249   6.3766682909509906E-005
         250   4.3786677050238387E-005
         251   4.7401784560667439E-005
         252   4.7472799168738085E-005
         253   4.6310169727006953E-005
         254   3.8077104678181455E-005
         255   3.4635338900887533E-005
         256   2.9196045626277221E-005
         257   1.4475858312344714E-005
         258   2.1899740244514531E-005
         259   1.8270663872005410E-005
         260   1.7675957589585029E-005
         261   2.4509840283724795E-005
         262   2.7254240455958361E-005
         263   2.2674723275557102E-005
         264   1.3626754654220226E-005
         265   1.4156177231170310E-005
         266   1.7150760256935216E-005
         267   1.4508322424147376E-005
         268   1.1848198570736418E-005
         269   1.0203930287435380E-005
         270   8.4583319415777194E-006
         271   7.3723762164755718E-006
         272   1.1571724714977633E-005
         273   3.2283716433898131E-006
         274   0.0000000000000000     
         275   0.0000000000000000     
         276   0.0000000000000000     
         277   0.0000000000000000     
         278   0.0000000000000000     
         279   0.0000000000000000     
         280   0.0000000000000000     
         281   0.0000000000000000     
         282   0.0000000000000000     
         283   0.0000000000000000     
         284   0.0000000000000000     
         285   0.0000000000000000     
         286   0.0000000000000000     
         287   0.0000000000000000     
         288   0.0000000000000000     
         289   0.0000000000000000     
         290   0.0000000000000000     
         291   0.0000000000000000     
         292   0.0000000000000000     
         293   0.0000000000000000     
         294   0.0000000000000000     
         295   0.0000000000000000     
         296   0.0000000000000000     
         297   0.0000000000000000     
         298   0.0000000000000000     
         299   0.0000000000000000     
         300   0.0000000000000000     
         301   0.0000000000000000     
         302   0.0000000000000000     
         303   0.0000000000000000     
         304   0.0000000000000000     
         305   0.0000000000000000     
         306   0.0000000000000000     
         307   0.0000000000000000     
         308   0.0000000000000000     
         309   0.0000000000000000     
         310   0.0000000000000000     
         311   0.0000000000000000     
         312   0.0000000000000000     
         313   0.0000000000000000     
         314   0.0000000000000000     
         315   0.0000000000000000     
         316   0.0000000000000000     
         317   0.0000000000000000     
         318   0.0000000000000000     
         319   0.0000000000000000     
         320   0.0000000000000000     
         321   0.0000000000000000     
         322   0.0000000000000000     
         323   0.0000000000000000     
         324   0.0000000000000000     
         325   0.0000000000000000     
         326   0.0000000000000000     
         327   0.0000000000000000     
         328   0.0000000000000000     
         329   0.0000000000000000     
         330   0.0000000000000000     
         331   0.0000000000000000     
         332   0.0000000000000000     
         333   0.0000000000000000     
         334   0.0000000000000000     
         335   0.0000000000000000     
         336   0.0000000000000000     
         337   0.0000000000000000     
         338   0.0000000000000000     
         339   0.0000000000000000     
         340   0.0000000000000000     
         341   0.0000000000000000     
         342   0.0000000000000000     
         343   0.0000000000000000     
         344   0.0000000000000000     
         345   0.0000000000000000     
         346   0.0000000000000000     
         347   0.0000000000000000     
         348   0.0000000000000000     
         349   0.0000000000000000     
         350   0.0000000000000000     
         351   0.0000000000000000     
         352   0.0000000000000000     
         353   0.0000000000000000     
         354   0.0000000000000000     
         355   0.0000000000000000     
         356   0.0000000000000000     
         357   0.0000000000000000     
         358   0.0000000000000000     
         359   0.0000000000000000     
         360   0.0000000000000000     
         361   0.0000000000000000     
         362   0.0000000000000000     
         363   0.0000000000000000     
         364   0.0000000000000000     
         365   0.0000000000000000     
         366   0.0000000000000000     
         367   0.0000000000000000     
         368   0.0000000000000000     
         369   0.0000000000000000     
         370   0.0000000000000000     
         371   0.0000000000000000     
         372   0.0000000000000000     
         373   0.0000000000000000     
         374   0.0000000000000000     
         375   0.0000000000000000     
         376   0.0000000000000000     
         377   0.0000000000000000     
         378   0.0000000000000000     
         379   0.0000000000000000     
         380   0.0000000000000000     
         381   0.0000000000000000     
         382   0.0000000000000000     
         383   0.0000000000000000     
         384   0.0000000000000000     
         385   0.0000000000000000     
         386   0.0000000000000000     
         387   0.0000000000000000     
         388   0.0000000000000000     
         389   0.0000000000000000     
         390   0.0000000000000000     
         391   0.0000000000000000     
         392   0.0000000000000000     
         393   0.0000000000000000     
         394   0.0000000000000000     
         395   0.0000000000000000     
         396   0.0000000000000000     
         397   0.0000000000000000     
         398   0.0000000000000000     
         399   0.0000000000000000     
         400   0.0000000000000000     
         401   0.0000000000000000     
         402   0.0000000000000000     
         403   0.0000000000000000     
         404   0.0000000000000000     
         405   0.0000000000000000     
         406   0.0000000000000000     
         407   0.0000000000000000     
         408   0.0000000000000000     
         409   0.0000000000000000     
         410   0.0000000000000000     
         411   0.0000000000000000     
         412   0.0000000000000000     
         413   0.0000000000000000     
         414   0.0000000000000000     
         415   0.0000000000000000     
         416   0.0000000000000000     
         417   0.0000000000000000     
         418   0.0000000000000000     
         419   0.0000000000000000     
         420   0.0000000000000000     
         421   0.0000000000000000     
         422   0.0000000000000000     
         423   0.0000000000000000     
         424   0.0000000000000000     
         425   0.0000000000000000     
         426   0.0000000000000000     
         427   0.0000000000000000     
         428   0.0000000000000000     
         429   0.0000000000000000     
         430   0.0000000000000000     
         431   0.0000000000000000     
         432   0.0000000000000000     
         433   0.0000000000000000     
         434   0.0000000000000000     
         435   0.0000000000000000     
         436   0.0000000000000000     
         437   0.0000000000000000     
         438   0.0000000000000000     
         439   0.0000000000000000     
         440   0.0000000000000000     
         441   0.0000000000000000     
         442   0.0000000000000000     
         443   0.0000000000000000     
         444   0.0000000000000000     
         445   0.0000000000000000     
         446   0.0000000000000000     
         447   0.0000000000000000     
         448   0.0000000000000000     
         449   0.0000000000000000     
         450   0.0000000000000000     
         451   0.0000000000000000     
         452   0.0000000000000000     
         453   0.0000000000000000     
         454   0.0000000000000000     
         455   0.0000000000000000     
         456   0.0000000000000000     
         457   0.0000000000000000     
         458   0.0000000000000000     
         459   0.0000000000000000     
         460   0.0000000000000000     
         461   0.0000000000000000     
         462   0.0000000000000000     
         463   0.0000000000000000     
         464   0.0000000000000000     
         465   0.0000000000000000     
         466   0.0000000000000000     
         467   0.0000000000000000     
         468   0.0000000000000000     
         469   0.0000000000000000     
         470   0.0000000000000000     
         471   0.0000000000000000     
         472   0.0000000000000000     
         473   0.0000000000000000     
         474   0.0000000000000000     
         475   0.0000000000000000     
         476   0.0000000000000000     
         477   0.0000000000000000     
         478   0.0000000000000000     
         479   0.0000000000000000     
         480   0.0000000000000000     
         481   0.0000000000000000     
         482   0.0000000000000000     
         483   0.0000000000000000     
         484   0.0000000000000000     
         485   0.0000000000000000     
         486   0.0000000000000000     
         487   0.0000000000000000     
         488   0.0000000000000000     
         489   0.0000000000000000     
         490   0.0000000000000000     
         491   0.0000000000000000     
         492   0.0000000000000000     
         493   0.0000000000000000     
         494   0.0000000000000000     
         495   0.0000000000000000     
         496   0.0000000000000000     
         497   0.0000000000000000     
         498   0.0000000000000000     
         499   0.0000000000000000     
         500   0.0000000000000000     
